&input
    asr='crystal',
    flfrc='GaAs.444.fc' 
 /
897
0.000000 0.000000 0.000000 0.000061
-0.031250 0.031250 -0.031250 0.000488
-0.062500 0.062500 -0.062500 0.000488
-0.093750 0.093750 -0.093750 0.000488
-0.125000 0.125000 -0.125000 0.000488
-0.156250 0.156250 -0.156250 0.000488
-0.187500 0.187500 -0.187500 0.000488
-0.218750 0.218750 -0.218750 0.000488
-0.250000 0.250000 -0.250000 0.000488
-0.281250 0.281250 -0.281250 0.000488
-0.312500 0.312500 -0.312500 0.000488
-0.343750 0.343750 -0.343750 0.000488
-0.375000 0.375000 -0.375000 0.000488
-0.406250 0.406250 -0.406250 0.000488
-0.437500 0.437500 -0.437500 0.000488
-0.468750 0.468750 -0.468750 0.000488
0.500000 -0.500000 0.500000 0.000244
0.000000 0.062500 0.000000 0.000366
-0.031250 0.093750 -0.031250 0.001465
-0.062500 0.125000 -0.062500 0.001465
-0.093750 0.156250 -0.093750 0.001465
-0.125000 0.187500 -0.125000 0.001465
-0.156250 0.218750 -0.156250 0.001465
-0.187500 0.250000 -0.187500 0.001465
-0.218750 0.281250 -0.218750 0.001465
-0.250000 0.312500 -0.250000 0.001465
-0.281250 0.343750 -0.281250 0.001465
-0.312500 0.375000 -0.312500 0.001465
-0.343750 0.406250 -0.343750 0.001465
-0.375000 0.437500 -0.375000 0.001465
-0.406250 0.468750 -0.406250 0.001465
-0.437500 0.500000 -0.437500 0.001465
0.531250 -0.468750 0.531250 0.001465
0.500000 -0.437500 0.500000 0.001465
0.468750 -0.406250 0.468750 0.001465
0.437500 -0.375000 0.437500 0.001465
0.406250 -0.343750 0.406250 0.001465
0.375000 -0.312500 0.375000 0.001465
0.343750 -0.281250 0.343750 0.001465
0.312500 -0.250000 0.312500 0.001465
0.281250 -0.218750 0.281250 0.001465
0.250000 -0.187500 0.250000 0.001465
0.218750 -0.156250 0.218750 0.001465
0.187500 -0.125000 0.187500 0.001465
0.156250 -0.093750 0.156250 0.001465
0.125000 -0.062500 0.125000 0.001465
0.093750 -0.031250 0.093750 0.001465
0.062500 0.000000 0.062500 0.000732
0.000000 0.125000 0.000000 0.000366
-0.031250 0.156250 -0.031250 0.001465
-0.062500 0.187500 -0.062500 0.001465
-0.093750 0.218750 -0.093750 0.001465
-0.125000 0.250000 -0.125000 0.001465
-0.156250 0.281250 -0.156250 0.001465
-0.187500 0.312500 -0.187500 0.001465
-0.218750 0.343750 -0.218750 0.001465
-0.250000 0.375000 -0.250000 0.001465
-0.281250 0.406250 -0.281250 0.001465
-0.312500 0.437500 -0.312500 0.001465
-0.343750 0.468750 -0.343750 0.001465
-0.375000 0.500000 -0.375000 0.001465
-0.406250 0.531250 -0.406250 0.001465
0.562500 -0.437500 0.562500 0.001465
0.531250 -0.406250 0.531250 0.001465
0.500000 -0.375000 0.500000 0.001465
0.468750 -0.343750 0.468750 0.001465
0.437500 -0.312500 0.437500 0.001465
0.406250 -0.281250 0.406250 0.001465
0.375000 -0.250000 0.375000 0.001465
0.343750 -0.218750 0.343750 0.001465
0.312500 -0.187500 0.312500 0.001465
0.281250 -0.156250 0.281250 0.001465
0.250000 -0.125000 0.250000 0.001465
0.218750 -0.093750 0.218750 0.001465
0.187500 -0.062500 0.187500 0.001465
0.156250 -0.031250 0.156250 0.001465
0.125000 0.000000 0.125000 0.000732
0.000000 0.187500 0.000000 0.000366
-0.031250 0.218750 -0.031250 0.001465
-0.062500 0.250000 -0.062500 0.001465
-0.093750 0.281250 -0.093750 0.001465
-0.125000 0.312500 -0.125000 0.001465
-0.156250 0.343750 -0.156250 0.001465
-0.187500 0.375000 -0.187500 0.001465
-0.218750 0.406250 -0.218750 0.001465
-0.250000 0.437500 -0.250000 0.001465
-0.281250 0.468750 -0.281250 0.001465
-0.312500 0.500000 -0.312500 0.001465
-0.343750 0.531250 -0.343750 0.001465
-0.375000 0.562500 -0.375000 0.001465
0.593750 -0.406250 0.593750 0.001465
0.562500 -0.375000 0.562500 0.001465
0.531250 -0.343750 0.531250 0.001465
0.500000 -0.312500 0.500000 0.001465
0.468750 -0.281250 0.468750 0.001465
0.437500 -0.250000 0.437500 0.001465
0.406250 -0.218750 0.406250 0.001465
0.375000 -0.187500 0.375000 0.001465
0.343750 -0.156250 0.343750 0.001465
0.312500 -0.125000 0.312500 0.001465
0.281250 -0.093750 0.281250 0.001465
0.250000 -0.062500 0.250000 0.001465
0.218750 -0.031250 0.218750 0.001465
0.187500 0.000000 0.187500 0.000732
0.000000 0.250000 0.000000 0.000366
-0.031250 0.281250 -0.031250 0.001465
-0.062500 0.312500 -0.062500 0.001465
-0.093750 0.343750 -0.093750 0.001465
-0.125000 0.375000 -0.125000 0.001465
-0.156250 0.406250 -0.156250 0.001465
-0.187500 0.437500 -0.187500 0.001465
-0.218750 0.468750 -0.218750 0.001465
-0.250000 0.500000 -0.250000 0.001465
-0.281250 0.531250 -0.281250 0.001465
-0.312500 0.562500 -0.312500 0.001465
-0.343750 0.593750 -0.343750 0.001465
0.625000 -0.375000 0.625000 0.001465
0.593750 -0.343750 0.593750 0.001465
0.562500 -0.312500 0.562500 0.001465
0.531250 -0.281250 0.531250 0.001465
0.500000 -0.250000 0.500000 0.001465
0.468750 -0.218750 0.468750 0.001465
0.437500 -0.187500 0.437500 0.001465
0.406250 -0.156250 0.406250 0.001465
0.375000 -0.125000 0.375000 0.001465
0.343750 -0.093750 0.343750 0.001465
0.312500 -0.062500 0.312500 0.001465
0.281250 -0.031250 0.281250 0.001465
0.250000 0.000000 0.250000 0.000732
0.000000 0.312500 0.000000 0.000366
-0.031250 0.343750 -0.031250 0.001465
-0.062500 0.375000 -0.062500 0.001465
-0.093750 0.406250 -0.093750 0.001465
-0.125000 0.437500 -0.125000 0.001465
-0.156250 0.468750 -0.156250 0.001465
-0.187500 0.500000 -0.187500 0.001465
-0.218750 0.531250 -0.218750 0.001465
-0.250000 0.562500 -0.250000 0.001465
-0.281250 0.593750 -0.281250 0.001465
-0.312500 0.625000 -0.312500 0.001465
0.656250 -0.343750 0.656250 0.001465
0.625000 -0.312500 0.625000 0.001465
0.593750 -0.281250 0.593750 0.001465
0.562500 -0.250000 0.562500 0.001465
0.531250 -0.218750 0.531250 0.001465
0.500000 -0.187500 0.500000 0.001465
0.468750 -0.156250 0.468750 0.001465
0.437500 -0.125000 0.437500 0.001465
0.406250 -0.093750 0.406250 0.001465
0.375000 -0.062500 0.375000 0.001465
0.343750 -0.031250 0.343750 0.001465
0.312500 0.000000 0.312500 0.000732
0.000000 0.375000 0.000000 0.000366
-0.031250 0.406250 -0.031250 0.001465
-0.062500 0.437500 -0.062500 0.001465
-0.093750 0.468750 -0.093750 0.001465
-0.125000 0.500000 -0.125000 0.001465
-0.156250 0.531250 -0.156250 0.001465
-0.187500 0.562500 -0.187500 0.001465
-0.218750 0.593750 -0.218750 0.001465
-0.250000 0.625000 -0.250000 0.001465
-0.281250 0.656250 -0.281250 0.001465
0.687500 -0.312500 0.687500 0.001465
0.656250 -0.281250 0.656250 0.001465
0.625000 -0.250000 0.625000 0.001465
0.593750 -0.218750 0.593750 0.001465
0.562500 -0.187500 0.562500 0.001465
0.531250 -0.156250 0.531250 0.001465
0.500000 -0.125000 0.500000 0.001465
0.468750 -0.093750 0.468750 0.001465
0.437500 -0.062500 0.437500 0.001465
0.406250 -0.031250 0.406250 0.001465
0.375000 0.000000 0.375000 0.000732
0.000000 0.437500 0.000000 0.000366
-0.031250 0.468750 -0.031250 0.001465
-0.062500 0.500000 -0.062500 0.001465
-0.093750 0.531250 -0.093750 0.001465
-0.125000 0.562500 -0.125000 0.001465
-0.156250 0.593750 -0.156250 0.001465
-0.187500 0.625000 -0.187500 0.001465
-0.218750 0.656250 -0.218750 0.001465
-0.250000 0.687500 -0.250000 0.001465
0.718750 -0.281250 0.718750 0.001465
0.687500 -0.250000 0.687500 0.001465
0.656250 -0.218750 0.656250 0.001465
0.625000 -0.187500 0.625000 0.001465
0.593750 -0.156250 0.593750 0.001465
0.562500 -0.125000 0.562500 0.001465
0.531250 -0.093750 0.531250 0.001465
0.500000 -0.062500 0.500000 0.001465
0.468750 -0.031250 0.468750 0.001465
0.437500 0.000000 0.437500 0.000732
0.000000 0.500000 0.000000 0.000366
-0.031250 0.531250 -0.031250 0.001465
-0.062500 0.562500 -0.062500 0.001465
-0.093750 0.593750 -0.093750 0.001465
-0.125000 0.625000 -0.125000 0.001465
-0.156250 0.656250 -0.156250 0.001465
-0.187500 0.687500 -0.187500 0.001465
-0.218750 0.718750 -0.218750 0.001465
0.750000 -0.250000 0.750000 0.001465
0.718750 -0.218750 0.718750 0.001465
0.687500 -0.187500 0.687500 0.001465
0.656250 -0.156250 0.656250 0.001465
0.625000 -0.125000 0.625000 0.001465
0.593750 -0.093750 0.593750 0.001465
0.562500 -0.062500 0.562500 0.001465
0.531250 -0.031250 0.531250 0.001465
0.500000 0.000000 0.500000 0.000732
0.000000 0.562500 0.000000 0.000366
-0.031250 0.593750 -0.031250 0.001465
-0.062500 0.625000 -0.062500 0.001465
-0.093750 0.656250 -0.093750 0.001465
-0.125000 0.687500 -0.125000 0.001465
-0.156250 0.718750 -0.156250 0.001465
-0.187500 0.750000 -0.187500 0.001465
0.781250 -0.218750 0.781250 0.001465
0.750000 -0.187500 0.750000 0.001465
0.718750 -0.156250 0.718750 0.001465
0.687500 -0.125000 0.687500 0.001465
0.656250 -0.093750 0.656250 0.001465
0.625000 -0.062500 0.625000 0.001465
0.593750 -0.031250 0.593750 0.001465
0.562500 0.000000 0.562500 0.000732
0.000000 0.625000 0.000000 0.000366
-0.031250 0.656250 -0.031250 0.001465
-0.062500 0.687500 -0.062500 0.001465
-0.093750 0.718750 -0.093750 0.001465
-0.125000 0.750000 -0.125000 0.001465
-0.156250 0.781250 -0.156250 0.001465
0.812500 -0.187500 0.812500 0.001465
0.781250 -0.156250 0.781250 0.001465
0.750000 -0.125000 0.750000 0.001465
0.718750 -0.093750 0.718750 0.001465
0.687500 -0.062500 0.687500 0.001465
0.656250 -0.031250 0.656250 0.001465
0.625000 0.000000 0.625000 0.000732
0.000000 0.687500 0.000000 0.000366
-0.031250 0.718750 -0.031250 0.001465
-0.062500 0.750000 -0.062500 0.001465
-0.093750 0.781250 -0.093750 0.001465
-0.125000 0.812500 -0.125000 0.001465
0.843750 -0.156250 0.843750 0.001465
0.812500 -0.125000 0.812500 0.001465
0.781250 -0.093750 0.781250 0.001465
0.750000 -0.062500 0.750000 0.001465
0.718750 -0.031250 0.718750 0.001465
0.687500 0.000000 0.687500 0.000732
0.000000 0.750000 0.000000 0.000366
-0.031250 0.781250 -0.031250 0.001465
-0.062500 0.812500 -0.062500 0.001465
-0.093750 0.843750 -0.093750 0.001465
0.875000 -0.125000 0.875000 0.001465
0.843750 -0.093750 0.843750 0.001465
0.812500 -0.062500 0.812500 0.001465
0.781250 -0.031250 0.781250 0.001465
0.750000 0.000000 0.750000 0.000732
0.000000 0.812500 0.000000 0.000366
-0.031250 0.843750 -0.031250 0.001465
-0.062500 0.875000 -0.062500 0.001465
0.906250 -0.093750 0.906250 0.001465
0.875000 -0.062500 0.875000 0.001465
0.843750 -0.031250 0.843750 0.001465
0.812500 0.000000 0.812500 0.000732
0.000000 0.875000 0.000000 0.000366
-0.031250 0.906250 -0.031250 0.001465
0.937500 -0.062500 0.937500 0.001465
0.906250 -0.031250 0.906250 0.001465
0.875000 0.000000 0.875000 0.000732
0.000000 0.937500 0.000000 0.000366
0.968750 -0.031250 0.968750 0.001465
0.937500 0.000000 0.937500 0.000732
0.000000 -1.000000 0.000000 0.000183
-0.062500 0.125000 0.000000 0.001465
-0.093750 0.156250 -0.031250 0.002930
-0.125000 0.187500 -0.062500 0.002930
-0.156250 0.218750 -0.093750 0.002930
-0.187500 0.250000 -0.125000 0.002930
-0.218750 0.281250 -0.156250 0.002930
-0.250000 0.312500 -0.187500 0.002930
-0.281250 0.343750 -0.218750 0.002930
-0.312500 0.375000 -0.250000 0.002930
-0.343750 0.406250 -0.281250 0.002930
-0.375000 0.437500 -0.312500 0.002930
-0.406250 0.468750 -0.343750 0.002930
-0.437500 0.500000 -0.375000 0.002930
0.531250 -0.468750 0.593750 0.002930
0.500000 -0.437500 0.562500 0.001465
-0.062500 0.187500 0.000000 0.001465
-0.093750 0.218750 -0.031250 0.002930
-0.125000 0.250000 -0.062500 0.002930
-0.156250 0.281250 -0.093750 0.002930
-0.187500 0.312500 -0.125000 0.002930
-0.218750 0.343750 -0.156250 0.002930
-0.250000 0.375000 -0.187500 0.002930
-0.281250 0.406250 -0.218750 0.002930
-0.312500 0.437500 -0.250000 0.002930
-0.343750 0.468750 -0.281250 0.002930
-0.375000 0.500000 -0.312500 0.002930
-0.406250 0.531250 -0.343750 0.002930
0.562500 -0.437500 0.625000 0.002930
0.531250 -0.406250 0.593750 0.002930
0.500000 -0.375000 0.562500 0.002930
0.468750 -0.343750 0.531250 0.002930
0.437500 -0.312500 0.500000 0.002930
0.406250 -0.281250 0.468750 0.002930
0.375000 -0.250000 0.437500 0.002930
0.343750 -0.218750 0.406250 0.002930
0.312500 -0.187500 0.375000 0.002930
0.281250 -0.156250 0.343750 0.002930
0.250000 -0.125000 0.312500 0.002930
0.218750 -0.093750 0.281250 0.002930
0.187500 -0.062500 0.250000 0.002930
0.156250 -0.031250 0.218750 0.002930
0.125000 0.000000 0.187500 0.001465
-0.062500 0.250000 0.000000 0.001465
-0.093750 0.281250 -0.031250 0.002930
-0.125000 0.312500 -0.062500 0.002930
-0.156250 0.343750 -0.093750 0.002930
-0.187500 0.375000 -0.125000 0.002930
-0.218750 0.406250 -0.156250 0.002930
-0.250000 0.437500 -0.187500 0.002930
-0.281250 0.468750 -0.218750 0.002930
-0.312500 0.500000 -0.250000 0.002930
-0.343750 0.531250 -0.281250 0.002930
-0.375000 0.562500 -0.312500 0.002930
0.593750 -0.406250 0.656250 0.002930
0.562500 -0.375000 0.625000 0.002930
0.531250 -0.343750 0.593750 0.002930
0.500000 -0.312500 0.562500 0.002930
0.468750 -0.281250 0.531250 0.002930
0.437500 -0.250000 0.500000 0.002930
0.406250 -0.218750 0.468750 0.002930
0.375000 -0.187500 0.437500 0.002930
0.343750 -0.156250 0.406250 0.002930
0.312500 -0.125000 0.375000 0.002930
0.281250 -0.093750 0.343750 0.002930
0.250000 -0.062500 0.312500 0.002930
0.218750 -0.031250 0.281250 0.002930
0.187500 0.000000 0.250000 0.001465
-0.062500 0.312500 0.000000 0.001465
-0.093750 0.343750 -0.031250 0.002930
-0.125000 0.375000 -0.062500 0.002930
-0.156250 0.406250 -0.093750 0.002930
-0.187500 0.437500 -0.125000 0.002930
-0.218750 0.468750 -0.156250 0.002930
-0.250000 0.500000 -0.187500 0.002930
-0.281250 0.531250 -0.218750 0.002930
-0.312500 0.562500 -0.250000 0.002930
-0.343750 0.593750 -0.281250 0.002930
0.625000 -0.375000 0.687500 0.002930
0.593750 -0.343750 0.656250 0.002930
0.562500 -0.312500 0.625000 0.002930
0.531250 -0.281250 0.593750 0.002930
0.500000 -0.250000 0.562500 0.002930
0.468750 -0.218750 0.531250 0.002930
0.437500 -0.187500 0.500000 0.002930
0.406250 -0.156250 0.468750 0.002930
0.375000 -0.125000 0.437500 0.002930
0.343750 -0.093750 0.406250 0.002930
0.312500 -0.062500 0.375000 0.002930
0.281250 -0.031250 0.343750 0.002930
0.250000 0.000000 0.312500 0.001465
-0.062500 0.375000 0.000000 0.001465
-0.093750 0.406250 -0.031250 0.002930
-0.125000 0.437500 -0.062500 0.002930
-0.156250 0.468750 -0.093750 0.002930
-0.187500 0.500000 -0.125000 0.002930
-0.218750 0.531250 -0.156250 0.002930
-0.250000 0.562500 -0.187500 0.002930
-0.281250 0.593750 -0.218750 0.002930
-0.312500 0.625000 -0.250000 0.002930
0.656250 -0.343750 0.718750 0.002930
0.625000 -0.312500 0.687500 0.002930
0.593750 -0.281250 0.656250 0.002930
0.562500 -0.250000 0.625000 0.002930
0.531250 -0.218750 0.593750 0.002930
0.500000 -0.187500 0.562500 0.002930
0.468750 -0.156250 0.531250 0.002930
0.437500 -0.125000 0.500000 0.002930
0.406250 -0.093750 0.468750 0.002930
0.375000 -0.062500 0.437500 0.002930
0.343750 -0.031250 0.406250 0.002930
0.312500 0.000000 0.375000 0.001465
-0.062500 0.437500 0.000000 0.001465
-0.093750 0.468750 -0.031250 0.002930
-0.125000 0.500000 -0.062500 0.002930
-0.156250 0.531250 -0.093750 0.002930
-0.187500 0.562500 -0.125000 0.002930
-0.218750 0.593750 -0.156250 0.002930
-0.250000 0.625000 -0.187500 0.002930
-0.281250 0.656250 -0.218750 0.002930
0.687500 -0.312500 0.750000 0.002930
0.656250 -0.281250 0.718750 0.002930
0.625000 -0.250000 0.687500 0.002930
0.593750 -0.218750 0.656250 0.002930
0.562500 -0.187500 0.625000 0.002930
0.531250 -0.156250 0.593750 0.002930
0.500000 -0.125000 0.562500 0.002930
0.468750 -0.093750 0.531250 0.002930
0.437500 -0.062500 0.500000 0.002930
0.406250 -0.031250 0.468750 0.002930
0.375000 0.000000 0.437500 0.001465
-0.062500 0.500000 0.000000 0.001465
-0.093750 0.531250 -0.031250 0.002930
-0.125000 0.562500 -0.062500 0.002930
-0.156250 0.593750 -0.093750 0.002930
-0.187500 0.625000 -0.125000 0.002930
-0.218750 0.656250 -0.156250 0.002930
-0.250000 0.687500 -0.187500 0.002930
0.718750 -0.281250 0.781250 0.002930
0.687500 -0.250000 0.750000 0.002930
0.656250 -0.218750 0.718750 0.002930
0.625000 -0.187500 0.687500 0.002930
0.593750 -0.156250 0.656250 0.002930
0.562500 -0.125000 0.625000 0.002930
0.531250 -0.093750 0.593750 0.002930
0.500000 -0.062500 0.562500 0.002930
0.468750 -0.031250 0.531250 0.002930
0.437500 0.000000 0.500000 0.001465
-0.062500 0.562500 0.000000 0.001465
-0.093750 0.593750 -0.031250 0.002930
-0.125000 0.625000 -0.062500 0.002930
-0.156250 0.656250 -0.093750 0.002930
-0.187500 0.687500 -0.125000 0.002930
-0.218750 0.718750 -0.156250 0.002930
0.750000 -0.250000 0.812500 0.002930
0.718750 -0.218750 0.781250 0.002930
0.687500 -0.187500 0.750000 0.002930
0.656250 -0.156250 0.718750 0.002930
0.625000 -0.125000 0.687500 0.002930
0.593750 -0.093750 0.656250 0.002930
0.562500 -0.062500 0.625000 0.002930
0.531250 -0.031250 0.593750 0.002930
0.500000 0.000000 0.562500 0.001465
-0.062500 0.625000 0.000000 0.001465
-0.093750 0.656250 -0.031250 0.002930
-0.125000 0.687500 -0.062500 0.002930
-0.156250 0.718750 -0.093750 0.002930
-0.187500 0.750000 -0.125000 0.002930
0.781250 -0.218750 0.843750 0.002930
0.750000 -0.187500 0.812500 0.002930
0.718750 -0.156250 0.781250 0.002930
0.687500 -0.125000 0.750000 0.002930
0.656250 -0.093750 0.718750 0.002930
0.625000 -0.062500 0.687500 0.002930
0.593750 -0.031250 0.656250 0.002930
0.562500 0.000000 0.625000 0.001465
-0.062500 0.687500 0.000000 0.001465
-0.093750 0.718750 -0.031250 0.002930
-0.125000 0.750000 -0.062500 0.002930
-0.156250 0.781250 -0.093750 0.002930
0.812500 -0.187500 0.875000 0.002930
0.781250 -0.156250 0.843750 0.002930
0.750000 -0.125000 0.812500 0.002930
0.718750 -0.093750 0.781250 0.002930
0.687500 -0.062500 0.750000 0.002930
0.656250 -0.031250 0.718750 0.002930
0.625000 0.000000 0.687500 0.001465
-0.062500 0.750000 0.000000 0.001465
-0.093750 0.781250 -0.031250 0.002930
-0.125000 0.812500 -0.062500 0.002930
0.843750 -0.156250 0.906250 0.002930
0.812500 -0.125000 0.875000 0.002930
0.781250 -0.093750 0.843750 0.002930
0.750000 -0.062500 0.812500 0.002930
0.718750 -0.031250 0.781250 0.002930
0.687500 0.000000 0.750000 0.001465
-0.062500 0.812500 0.000000 0.001465
-0.093750 0.843750 -0.031250 0.002930
0.875000 -0.125000 0.937500 0.002930
0.843750 -0.093750 0.906250 0.002930
0.812500 -0.062500 0.875000 0.002930
0.781250 -0.031250 0.843750 0.002930
0.750000 0.000000 0.812500 0.001465
-0.062500 0.875000 0.000000 0.001465
0.906250 -0.093750 0.968750 0.002930
0.875000 -0.062500 0.937500 0.002930
0.843750 -0.031250 0.906250 0.002930
0.812500 0.000000 0.875000 0.001465
0.937500 -0.062500 1.000000 0.001465
0.906250 -0.031250 0.968750 0.002930
0.875000 0.000000 0.937500 0.001465
-0.062500 -1.000000 0.000000 0.000732
-0.125000 0.250000 0.000000 0.001465
-0.156250 0.281250 -0.031250 0.002930
-0.187500 0.312500 -0.062500 0.002930
-0.218750 0.343750 -0.093750 0.002930
-0.250000 0.375000 -0.125000 0.002930
-0.281250 0.406250 -0.156250 0.002930
-0.312500 0.437500 -0.187500 0.002930
-0.343750 0.468750 -0.218750 0.002930
-0.375000 0.500000 -0.250000 0.002930
-0.406250 0.531250 -0.281250 0.002930
0.562500 -0.437500 0.687500 0.002930
0.531250 -0.406250 0.656250 0.002930
0.500000 -0.375000 0.625000 0.001465
-0.125000 0.312500 0.000000 0.001465
-0.156250 0.343750 -0.031250 0.002930
-0.187500 0.375000 -0.062500 0.002930
-0.218750 0.406250 -0.093750 0.002930
-0.250000 0.437500 -0.125000 0.002930
-0.281250 0.468750 -0.156250 0.002930
-0.312500 0.500000 -0.187500 0.002930
-0.343750 0.531250 -0.218750 0.002930
-0.375000 0.562500 -0.250000 0.002930
0.593750 -0.406250 0.718750 0.002930
0.562500 -0.375000 0.687500 0.002930
0.531250 -0.343750 0.656250 0.002930
0.500000 -0.312500 0.625000 0.002930
0.468750 -0.281250 0.593750 0.002930
0.437500 -0.250000 0.562500 0.002930
0.406250 -0.218750 0.531250 0.002930
0.375000 -0.187500 0.500000 0.002930
0.343750 -0.156250 0.468750 0.002930
0.312500 -0.125000 0.437500 0.002930
0.281250 -0.093750 0.406250 0.002930
0.250000 -0.062500 0.375000 0.002930
0.218750 -0.031250 0.343750 0.002930
0.187500 0.000000 0.312500 0.001465
-0.125000 0.375000 0.000000 0.001465
-0.156250 0.406250 -0.031250 0.002930
-0.187500 0.437500 -0.062500 0.002930
-0.218750 0.468750 -0.093750 0.002930
-0.250000 0.500000 -0.125000 0.002930
-0.281250 0.531250 -0.156250 0.002930
-0.312500 0.562500 -0.187500 0.002930
-0.343750 0.593750 -0.218750 0.002930
0.625000 -0.375000 0.750000 0.002930
0.593750 -0.343750 0.718750 0.002930
0.562500 -0.312500 0.687500 0.002930
0.531250 -0.281250 0.656250 0.002930
0.500000 -0.250000 0.625000 0.002930
0.468750 -0.218750 0.593750 0.002930
0.437500 -0.187500 0.562500 0.002930
0.406250 -0.156250 0.531250 0.002930
0.375000 -0.125000 0.500000 0.002930
0.343750 -0.093750 0.468750 0.002930
0.312500 -0.062500 0.437500 0.002930
0.281250 -0.031250 0.406250 0.002930
0.250000 0.000000 0.375000 0.001465
-0.125000 0.437500 0.000000 0.001465
-0.156250 0.468750 -0.031250 0.002930
-0.187500 0.500000 -0.062500 0.002930
-0.218750 0.531250 -0.093750 0.002930
-0.250000 0.562500 -0.125000 0.002930
-0.281250 0.593750 -0.156250 0.002930
-0.312500 0.625000 -0.187500 0.002930
0.656250 -0.343750 0.781250 0.002930
0.625000 -0.312500 0.750000 0.002930
0.593750 -0.281250 0.718750 0.002930
0.562500 -0.250000 0.687500 0.002930
0.531250 -0.218750 0.656250 0.002930
0.500000 -0.187500 0.625000 0.002930
0.468750 -0.156250 0.593750 0.002930
0.437500 -0.125000 0.562500 0.002930
0.406250 -0.093750 0.531250 0.002930
0.375000 -0.062500 0.500000 0.002930
0.343750 -0.031250 0.468750 0.002930
0.312500 0.000000 0.437500 0.001465
-0.125000 0.500000 0.000000 0.001465
-0.156250 0.531250 -0.031250 0.002930
-0.187500 0.562500 -0.062500 0.002930
-0.218750 0.593750 -0.093750 0.002930
-0.250000 0.625000 -0.125000 0.002930
-0.281250 0.656250 -0.156250 0.002930
0.687500 -0.312500 0.812500 0.002930
0.656250 -0.281250 0.781250 0.002930
0.625000 -0.250000 0.750000 0.002930
0.593750 -0.218750 0.718750 0.002930
0.562500 -0.187500 0.687500 0.002930
0.531250 -0.156250 0.656250 0.002930
0.500000 -0.125000 0.625000 0.002930
0.468750 -0.093750 0.593750 0.002930
0.437500 -0.062500 0.562500 0.002930
0.406250 -0.031250 0.531250 0.002930
0.375000 0.000000 0.500000 0.001465
-0.125000 0.562500 0.000000 0.001465
-0.156250 0.593750 -0.031250 0.002930
-0.187500 0.625000 -0.062500 0.002930
-0.218750 0.656250 -0.093750 0.002930
-0.250000 0.687500 -0.125000 0.002930
0.718750 -0.281250 0.843750 0.002930
0.687500 -0.250000 0.812500 0.002930
0.656250 -0.218750 0.781250 0.002930
0.625000 -0.187500 0.750000 0.002930
0.593750 -0.156250 0.718750 0.002930
0.562500 -0.125000 0.687500 0.002930
0.531250 -0.093750 0.656250 0.002930
0.500000 -0.062500 0.625000 0.002930
0.468750 -0.031250 0.593750 0.002930
0.437500 0.000000 0.562500 0.001465
-0.125000 0.625000 0.000000 0.001465
-0.156250 0.656250 -0.031250 0.002930
-0.187500 0.687500 -0.062500 0.002930
-0.218750 0.718750 -0.093750 0.002930
0.750000 -0.250000 0.875000 0.002930
0.718750 -0.218750 0.843750 0.002930
0.687500 -0.187500 0.812500 0.002930
0.656250 -0.156250 0.781250 0.002930
0.625000 -0.125000 0.750000 0.002930
0.593750 -0.093750 0.718750 0.002930
0.562500 -0.062500 0.687500 0.002930
0.531250 -0.031250 0.656250 0.002930
0.500000 0.000000 0.625000 0.001465
-0.125000 0.687500 0.000000 0.001465
-0.156250 0.718750 -0.031250 0.002930
-0.187500 0.750000 -0.062500 0.002930
0.781250 -0.218750 0.906250 0.002930
0.750000 -0.187500 0.875000 0.002930
0.718750 -0.156250 0.843750 0.002930
0.687500 -0.125000 0.812500 0.002930
0.656250 -0.093750 0.781250 0.002930
0.625000 -0.062500 0.750000 0.002930
0.593750 -0.031250 0.718750 0.002930
0.562500 0.000000 0.687500 0.001465
-0.125000 0.750000 0.000000 0.001465
-0.156250 0.781250 -0.031250 0.002930
0.812500 -0.187500 0.937500 0.002930
0.781250 -0.156250 0.906250 0.002930
0.750000 -0.125000 0.875000 0.002930
0.718750 -0.093750 0.843750 0.002930
0.687500 -0.062500 0.812500 0.002930
0.656250 -0.031250 0.781250 0.002930
0.625000 0.000000 0.750000 0.001465
-0.125000 0.812500 0.000000 0.001465
0.843750 -0.156250 0.968750 0.002930
0.812500 -0.125000 0.937500 0.002930
0.781250 -0.093750 0.906250 0.002930
0.750000 -0.062500 0.875000 0.002930
0.718750 -0.031250 0.843750 0.002930
0.687500 0.000000 0.812500 0.001465
0.875000 -0.125000 1.000000 0.001465
0.843750 -0.093750 0.968750 0.002930
0.812500 -0.062500 0.937500 0.002930
0.781250 -0.031250 0.906250 0.002930
0.750000 0.000000 0.875000 0.001465
0.875000 -0.062500 1.000000 0.001465
0.843750 -0.031250 0.968750 0.002930
0.812500 0.000000 0.937500 0.001465
-0.125000 -1.000000 0.000000 0.000732
-0.187500 0.375000 0.000000 0.001465
-0.218750 0.406250 -0.031250 0.002930
-0.250000 0.437500 -0.062500 0.002930
-0.281250 0.468750 -0.093750 0.002930
-0.312500 0.500000 -0.125000 0.002930
-0.343750 0.531250 -0.156250 0.002930
-0.375000 0.562500 -0.187500 0.002930
0.593750 -0.406250 0.781250 0.002930
0.562500 -0.375000 0.750000 0.002930
0.531250 -0.343750 0.718750 0.002930
0.500000 -0.312500 0.687500 0.001465
-0.187500 0.437500 0.000000 0.001465
-0.218750 0.468750 -0.031250 0.002930
-0.250000 0.500000 -0.062500 0.002930
-0.281250 0.531250 -0.093750 0.002930
-0.312500 0.562500 -0.125000 0.002930
-0.343750 0.593750 -0.156250 0.002930
0.625000 -0.375000 0.812500 0.002930
0.593750 -0.343750 0.781250 0.002930
0.562500 -0.312500 0.750000 0.002930
0.531250 -0.281250 0.718750 0.002930
0.500000 -0.250000 0.687500 0.002930
0.468750 -0.218750 0.656250 0.002930
0.437500 -0.187500 0.625000 0.002930
0.406250 -0.156250 0.593750 0.002930
0.375000 -0.125000 0.562500 0.002930
0.343750 -0.093750 0.531250 0.002930
0.312500 -0.062500 0.500000 0.002930
0.281250 -0.031250 0.468750 0.002930
0.250000 0.000000 0.437500 0.001465
-0.187500 0.500000 0.000000 0.001465
-0.218750 0.531250 -0.031250 0.002930
-0.250000 0.562500 -0.062500 0.002930
-0.281250 0.593750 -0.093750 0.002930
-0.312500 0.625000 -0.125000 0.002930
0.656250 -0.343750 0.843750 0.002930
0.625000 -0.312500 0.812500 0.002930
0.593750 -0.281250 0.781250 0.002930
0.562500 -0.250000 0.750000 0.002930
0.531250 -0.218750 0.718750 0.002930
0.500000 -0.187500 0.687500 0.002930
0.468750 -0.156250 0.656250 0.002930
0.437500 -0.125000 0.625000 0.002930
0.406250 -0.093750 0.593750 0.002930
0.375000 -0.062500 0.562500 0.002930
0.343750 -0.031250 0.531250 0.002930
0.312500 0.000000 0.500000 0.001465
-0.187500 0.562500 0.000000 0.001465
-0.218750 0.593750 -0.031250 0.002930
-0.250000 0.625000 -0.062500 0.002930
-0.281250 0.656250 -0.093750 0.002930
0.687500 -0.312500 0.875000 0.002930
0.656250 -0.281250 0.843750 0.002930
0.625000 -0.250000 0.812500 0.002930
0.593750 -0.218750 0.781250 0.002930
0.562500 -0.187500 0.750000 0.002930
0.531250 -0.156250 0.718750 0.002930
0.500000 -0.125000 0.687500 0.002930
0.468750 -0.093750 0.656250 0.002930
0.437500 -0.062500 0.625000 0.002930
0.406250 -0.031250 0.593750 0.002930
0.375000 0.000000 0.562500 0.001465
-0.187500 0.625000 0.000000 0.001465
-0.218750 0.656250 -0.031250 0.002930
-0.250000 0.687500 -0.062500 0.002930
0.718750 -0.281250 0.906250 0.002930
0.687500 -0.250000 0.875000 0.002930
0.656250 -0.218750 0.843750 0.002930
0.625000 -0.187500 0.812500 0.002930
0.593750 -0.156250 0.781250 0.002930
0.562500 -0.125000 0.750000 0.002930
0.531250 -0.093750 0.718750 0.002930
0.500000 -0.062500 0.687500 0.002930
0.468750 -0.031250 0.656250 0.002930
0.437500 0.000000 0.625000 0.001465
-0.187500 0.687500 0.000000 0.001465
-0.218750 0.718750 -0.031250 0.002930
0.750000 -0.250000 0.937500 0.002930
0.718750 -0.218750 0.906250 0.002930
0.687500 -0.187500 0.875000 0.002930
0.656250 -0.156250 0.843750 0.002930
0.625000 -0.125000 0.812500 0.002930
0.593750 -0.093750 0.781250 0.002930
0.562500 -0.062500 0.750000 0.002930
0.531250 -0.031250 0.718750 0.002930
0.500000 0.000000 0.687500 0.001465
-0.187500 0.750000 0.000000 0.001465
0.781250 -0.218750 0.968750 0.002930
0.750000 -0.187500 0.937500 0.002930
0.718750 -0.156250 0.906250 0.002930
0.687500 -0.125000 0.875000 0.002930
0.656250 -0.093750 0.843750 0.002930
0.625000 -0.062500 0.812500 0.002930
0.593750 -0.031250 0.781250 0.002930
0.562500 0.000000 0.750000 0.001465
0.812500 -0.187500 1.000000 0.001465
0.781250 -0.156250 0.968750 0.002930
0.750000 -0.125000 0.937500 0.002930
0.718750 -0.093750 0.906250 0.002930
0.687500 -0.062500 0.875000 0.002930
0.656250 -0.031250 0.843750 0.002930
0.625000 0.000000 0.812500 0.001465
0.812500 -0.125000 1.000000 0.001465
0.781250 -0.093750 0.968750 0.002930
0.750000 -0.062500 0.937500 0.002930
0.718750 -0.031250 0.906250 0.002930
0.687500 0.000000 0.875000 0.001465
0.812500 -0.062500 1.000000 0.001465
0.781250 -0.031250 0.968750 0.002930
0.750000 0.000000 0.937500 0.001465
-0.187500 -1.000000 0.000000 0.000732
-0.250000 0.500000 0.000000 0.001465
-0.281250 0.531250 -0.031250 0.002930
-0.312500 0.562500 -0.062500 0.002930
-0.343750 0.593750 -0.093750 0.002930
0.625000 -0.375000 0.875000 0.002930
0.593750 -0.343750 0.843750 0.002930
0.562500 -0.312500 0.812500 0.002930
0.531250 -0.281250 0.781250 0.002930
0.500000 -0.250000 0.750000 0.001465
-0.250000 0.562500 0.000000 0.001465
-0.281250 0.593750 -0.031250 0.002930
-0.312500 0.625000 -0.062500 0.002930
0.656250 -0.343750 0.906250 0.002930
0.625000 -0.312500 0.875000 0.002930
0.593750 -0.281250 0.843750 0.002930
0.562500 -0.250000 0.812500 0.002930
0.531250 -0.218750 0.781250 0.002930
0.500000 -0.187500 0.750000 0.002930
0.468750 -0.156250 0.718750 0.002930
0.437500 -0.125000 0.687500 0.002930
0.406250 -0.093750 0.656250 0.002930
0.375000 -0.062500 0.625000 0.002930
0.343750 -0.031250 0.593750 0.002930
0.312500 0.000000 0.562500 0.001465
-0.250000 0.625000 0.000000 0.001465
-0.281250 0.656250 -0.031250 0.002930
0.687500 -0.312500 0.937500 0.002930
0.656250 -0.281250 0.906250 0.002930
0.625000 -0.250000 0.875000 0.002930
0.593750 -0.218750 0.843750 0.002930
0.562500 -0.187500 0.812500 0.002930
0.531250 -0.156250 0.781250 0.002930
0.500000 -0.125000 0.750000 0.002930
0.468750 -0.093750 0.718750 0.002930
0.437500 -0.062500 0.687500 0.002930
0.406250 -0.031250 0.656250 0.002930
0.375000 0.000000 0.625000 0.001465
-0.250000 0.687500 0.000000 0.001465
0.718750 -0.281250 0.968750 0.002930
0.687500 -0.250000 0.937500 0.002930
0.656250 -0.218750 0.906250 0.002930
0.625000 -0.187500 0.875000 0.002930
0.593750 -0.156250 0.843750 0.002930
0.562500 -0.125000 0.812500 0.002930
0.531250 -0.093750 0.781250 0.002930
0.500000 -0.062500 0.750000 0.002930
0.468750 -0.031250 0.718750 0.002930
0.437500 0.000000 0.687500 0.001465
0.750000 -0.250000 1.000000 0.001465
0.718750 -0.218750 0.968750 0.002930
0.687500 -0.187500 0.937500 0.002930
0.656250 -0.156250 0.906250 0.002930
0.625000 -0.125000 0.875000 0.002930
0.593750 -0.093750 0.843750 0.002930
0.562500 -0.062500 0.812500 0.002930
0.531250 -0.031250 0.781250 0.002930
0.500000 0.000000 0.750000 0.001465
0.750000 -0.187500 1.000000 0.001465
0.718750 -0.156250 0.968750 0.002930
0.687500 -0.125000 0.937500 0.002930
0.656250 -0.093750 0.906250 0.002930
0.625000 -0.062500 0.875000 0.002930
0.593750 -0.031250 0.843750 0.002930
0.562500 0.000000 0.812500 0.001465
0.750000 -0.125000 1.000000 0.001465
0.718750 -0.093750 0.968750 0.002930
0.687500 -0.062500 0.937500 0.002930
0.656250 -0.031250 0.906250 0.002930
0.625000 0.000000 0.875000 0.001465
0.750000 -0.062500 1.000000 0.001465
0.718750 -0.031250 0.968750 0.002930
0.687500 0.000000 0.937500 0.001465
-0.250000 -1.000000 0.000000 0.000732
-0.312500 0.625000 0.000000 0.001465
0.656250 -0.343750 0.968750 0.002930
0.625000 -0.312500 0.937500 0.002930
0.593750 -0.281250 0.906250 0.002930
0.562500 -0.250000 0.875000 0.002930
0.531250 -0.218750 0.843750 0.002930
0.500000 -0.187500 0.812500 0.001465
0.687500 -0.312500 1.000000 0.001465
0.656250 -0.281250 0.968750 0.002930
0.625000 -0.250000 0.937500 0.002930
0.593750 -0.218750 0.906250 0.002930
0.562500 -0.187500 0.875000 0.002930
0.531250 -0.156250 0.843750 0.002930
0.500000 -0.125000 0.812500 0.002930
0.468750 -0.093750 0.781250 0.002930
0.437500 -0.062500 0.750000 0.002930
0.406250 -0.031250 0.718750 0.002930
0.375000 0.000000 0.687500 0.001465
0.687500 -0.250000 1.000000 0.001465
0.656250 -0.218750 0.968750 0.002930
0.625000 -0.187500 0.937500 0.002930
0.593750 -0.156250 0.906250 0.002930
0.562500 -0.125000 0.875000 0.002930
0.531250 -0.093750 0.843750 0.002930
0.500000 -0.062500 0.812500 0.002930
0.468750 -0.031250 0.781250 0.002930
0.437500 0.000000 0.750000 0.001465
0.687500 -0.187500 1.000000 0.001465
0.656250 -0.156250 0.968750 0.002930
0.625000 -0.125000 0.937500 0.002930
0.593750 -0.093750 0.906250 0.002930
0.562500 -0.062500 0.875000 0.002930
0.531250 -0.031250 0.843750 0.002930
0.500000 0.000000 0.812500 0.001465
0.687500 -0.125000 1.000000 0.001465
0.656250 -0.093750 0.968750 0.002930
0.625000 -0.062500 0.937500 0.002930
0.593750 -0.031250 0.906250 0.002930
0.562500 0.000000 0.875000 0.001465
0.687500 -0.062500 1.000000 0.001465
0.656250 -0.031250 0.968750 0.002930
0.625000 0.000000 0.937500 0.001465
-0.312500 -1.000000 0.000000 0.000732
0.625000 -0.250000 1.000000 0.001465
0.593750 -0.218750 0.968750 0.002930
0.562500 -0.187500 0.937500 0.002930
0.531250 -0.156250 0.906250 0.002930
0.500000 -0.125000 0.875000 0.001465
0.625000 -0.187500 1.000000 0.001465
0.593750 -0.156250 0.968750 0.002930
0.562500 -0.125000 0.937500 0.002930
0.531250 -0.093750 0.906250 0.002930
0.500000 -0.062500 0.875000 0.002930
0.468750 -0.031250 0.843750 0.002930
0.437500 0.000000 0.812500 0.001465
0.625000 -0.125000 1.000000 0.001465
0.593750 -0.093750 0.968750 0.002930
0.562500 -0.062500 0.937500 0.002930
0.531250 -0.031250 0.906250 0.002930
0.500000 0.000000 0.875000 0.001465
0.625000 -0.062500 1.000000 0.001465
0.593750 -0.031250 0.968750 0.002930
0.562500 0.000000 0.937500 0.001465
-0.375000 -1.000000 0.000000 0.000732
0.562500 -0.125000 1.000000 0.001465
0.531250 -0.093750 0.968750 0.002930
0.500000 -0.062500 0.937500 0.001465
0.562500 -0.062500 1.000000 0.001465
0.531250 -0.031250 0.968750 0.002930
0.500000 0.000000 0.937500 0.001465
-0.437500 -1.000000 0.000000 0.000732
-0.500000 -1.000000 0.000000 0.000366
